2 0.442969 0.317361 0.0171875 0.0125
7 0.662891 0.321528 0.0554687 0.101389
2 0.296094 0.386111 0.142188 0.194444
2 0.419922 0.313889 0.0148437 0.025
2 0.378906 0.327083 0.0140625 0.0152778
2 0.492188 0.322917 0.0140625 0.0180556
2 0.360547 0.329167 0.0164062 0.0305556
5 0.663281 0.320139 0.0546875 0.101389
2 0.407031 0.322222 0.0109375 0.0138889
2 0.208594 0.35 0.046875 0.0444444
2 0.394922 0.322917 0.0164062 0.0208333
2 0.542969 0.323611 0.0203125 0.0305556
7 0.296875 0.386111 0.14375 0.194444
7 0.880078 0.465972 0.239844 0.434722
2 0.570703 0.342361 0.0351562 0.0486111
2 0.108984 0.35625 0.0382813 0.0375
2 0.517187 0.335417 0.0421875 0.0430556
2 0.0195312 0.366667 0.0390625 0.05
2 0.610937 0.360417 0.053125 0.0736111
2 0.510156 0.483333 0.176563 0.25
