7 0.520312 0.2875 0.025 0.0444444
2 0.583594 0.335417 0.0265625 0.0430556
2 0.557031 0.288889 0.0140625 0.025
2 0.253125 0.325 0.0203125 0.0222222
2 0.544531 0.270139 0.0140625 0.0180556
2 0.395312 0.263194 0.009375 0.0180556
7 0.521484 0.25 0.0164062 0.0333333
2 0.421875 0.258333 0.01875 0.0111111
2 0.362891 0.272917 0.0117188 0.0152778
2 0.494531 0.286111 0.0140625 0.0222222
2 0.576953 0.325694 0.0226563 0.0347222
2 0.0234375 0.629861 0.046875 0.323611
2 0.404687 0.268056 0.0125 0.0194444
2 0.560938 0.315278 0.021875 0.0305556
2 0.750781 0.340972 0.0484375 0.0652778
2 0.376172 0.277083 0.0148437 0.0208333
2 0.350391 0.279167 0.0132813 0.0194444
2 0.166406 0.327778 0.0296875 0.025
2 0.479688 0.313194 0.01875 0.0319444
2 0.516016 0.328472 0.0539063 0.0375
7 0.880469 0.371528 0.157813 0.226389
2 0.641406 0.365972 0.0390625 0.0791667
2 0.605078 0.351389 0.0460938 0.0694444
2 0.69375 0.375694 0.09375 0.131944
2 0.319141 0.386806 0.116406 0.170833
2 0.514063 0.44375 0.142188 0.201389
