2 0.563281 0.3375 0.021875 0.0305556
2 0.465625 0.34375 0.021875 0.0291667
2 0.586328 0.311806 0.0257812 0.0291667
2 0.398438 0.347222 0.0234375 0.0333333
2 0.244531 0.352083 0.0296875 0.0263889
2 0.533594 0.342361 0.0234375 0.0347222
2 0.171094 0.354167 0.034375 0.0277778
2 0.154297 0.355556 0.0507812 0.0305556
2 0.065625 0.403472 0.13125 0.165278
2 0.510547 0.3625 0.0382813 0.05
2 0.589453 0.359722 0.0398437 0.0638889
2 0.426953 0.359028 0.0445312 0.0597222
2 0.154297 0.582639 0.308594 0.373611
