2 0.577344 0.342361 0.0171875 0.0236111
2 0.382031 0.343056 0.0203125 0.0222222
2 0.548828 0.350694 0.0210938 0.0375
2 0.477344 0.347222 0.025 0.0305556
2 0.233203 0.354861 0.0289063 0.0236111
2 0.0886719 0.404167 0.155469 0.163889
2 0.0152344 0.377083 0.0304688 0.0708333
2 0.524219 0.364583 0.0390625 0.0513889
7 0.0875 0.404167 0.15625 0.163889
2 0.413281 0.35 0.0234375 0.0361111
2 0.603125 0.363889 0.040625 0.0638889
2 0.444141 0.367361 0.0429688 0.0513889
2 0.214453 0.561111 0.286719 0.344444
