2 0.555078 0.352778 0.0289063 0.0361111
2 0.580469 0.344444 0.021875 0.0277778
2 0.38125 0.347222 0.021875 0.0222222
2 0.228516 0.358333 0.0320312 0.0277778
2 0.480078 0.35 0.0273438 0.0333333
7 0.0976562 0.405556 0.153125 0.161111
2 0.0976562 0.404861 0.153125 0.165278
2 0.0128906 0.377778 0.0257812 0.0777778
2 0.416016 0.352778 0.0257812 0.0361111
2 0.527734 0.366667 0.0382813 0.0527778
2 0.445703 0.368056 0.0414063 0.0555556
2 0.605859 0.365278 0.0398437 0.0666667
2 0.230078 0.558333 0.277344 0.336111
