2 0.517969 0.35 0.025 0.0305556
2 0.330859 0.343056 0.0226563 0.0194444
2 0.364844 0.344444 0.021875 0.0194444
2 0.604297 0.319444 0.0226563 0.0333333
2 0.289453 0.345833 0.0257812 0.0277778
2 0.566016 0.351389 0.0242187 0.0361111
2 0.491797 0.346528 0.0273438 0.0319444
2 0.432031 0.351389 0.0265625 0.0333333
7 0.150391 0.394444 0.146094 0.155556
2 0.541406 0.365278 0.0375 0.05
2 0.463672 0.363194 0.0414063 0.0513889
2 0.0414063 0.363194 0.0546875 0.0402778
2 0.620703 0.3625 0.0398437 0.0611111
2 0.339063 0.518056 0.221875 0.288889
