2 0.55625 0.344444 0.0203125 0.0305556
2 0.546094 0.345833 0.0203125 0.0333333
2 0.380859 0.338889 0.0210938 0.0222222
2 0.237109 0.350694 0.0304688 0.0236111
2 0.151953 0.358333 0.0367187 0.0277778
2 0.0183594 0.365972 0.0367187 0.0541667
2 0.0820312 0.404167 0.15625 0.163889
7 0.08125 0.402778 0.157813 0.163889
2 0.410156 0.349306 0.0234375 0.0375
2 0.600391 0.359722 0.0398437 0.0666667
2 0.521484 0.3625 0.0398437 0.05
2 0.441016 0.361111 0.0429688 0.0555556
2 0.197656 0.563194 0.295312 0.354167
