7 0.943359 0.399306 0.113281 0.620833
0 0.694141 0.299306 0.0226563 0.0791667
2 0.373047 0.291667 0.0226563 0.0333333
0 0.710938 0.306944 0.028125 0.105556
2 0.392578 0.288194 0.0210938 0.0291667
7 0.845312 0.363889 0.309375 0.483333
2 0.410937 0.304167 0.025 0.0361111
2 0.507812 0.43125 0.153125 0.259722
7 0.943359 0.399306 0.113281 0.620833
0 0.694141 0.299306 0.0226563 0.0791667
2 0.373047 0.291667 0.0226563 0.0333333
0 0.710938 0.306944 0.028125 0.105556
2 0.392578 0.288194 0.0210938 0.0291667
7 0.845312 0.363889 0.309375 0.483333
2 0.410937 0.304167 0.025 0.0361111
2 0.507812 0.43125 0.153125 0.259722
