2 0.8375 0.349306 0.025 0.0208333
2 0.739844 0.31875 0.0234375 0.0319444
2 0.191016 0.33125 0.0757812 0.0486111
2 0.685156 0.344444 0.0109375 0.0305556
2 0.755859 0.326389 0.0148437 0.025
2 0.621875 0.33125 0.015625 0.0263889
2 0.714844 0.326389 0.0140625 0.0222222
2 0.83125 0.34375 0.03125 0.0319444
2 0.585938 0.345139 0.021875 0.0541667
7 0.211719 0.325694 0.0421875 0.0597222
2 0.653125 0.334722 0.01875 0.0333333
2 0.603125 0.338889 0.01875 0.0305556
2 0.444922 0.338194 0.0289063 0.0513889
2 0.6375 0.347222 0.0265625 0.0361111
2 0.702344 0.348611 0.0359375 0.0527778
2 0.765625 0.377083 0.059375 0.0791667
2 0.170703 0.335417 0.0351562 0.0375
2 0.401563 0.376389 0.0828125 0.130556
2 0.517969 0.436111 0.1625 0.261111
2 0.8375 0.349306 0.025 0.0208333
2 0.739844 0.31875 0.0234375 0.0319444
2 0.191016 0.33125 0.0757812 0.0486111
2 0.685156 0.344444 0.0109375 0.0305556
2 0.755859 0.326389 0.0148437 0.025
2 0.621875 0.33125 0.015625 0.0263889
2 0.714844 0.326389 0.0140625 0.0222222
2 0.83125 0.34375 0.03125 0.0319444
2 0.585938 0.345139 0.021875 0.0541667
7 0.211719 0.325694 0.0421875 0.0597222
2 0.653125 0.334722 0.01875 0.0333333
2 0.603125 0.338889 0.01875 0.0305556
2 0.444922 0.338194 0.0289063 0.0513889
2 0.6375 0.347222 0.0265625 0.0361111
2 0.702344 0.348611 0.0359375 0.0527778
2 0.765625 0.377083 0.059375 0.0791667
2 0.170703 0.335417 0.0351562 0.0375
2 0.401563 0.376389 0.0828125 0.130556
2 0.517969 0.436111 0.1625 0.261111
